00432
00488
00507
00563
00582
00638
00657
00713
00732
00788
00807
00863
00882
00938
00957
01013
01032
01088
01107
01163
01182
01238
01257
01313
01332
01388
01407
01463
01482
01538
01557
01613
01632
01688
01707
01763
01782
01838
01857
01913
01932
01988
02007
02063
02082
02138
02157
02213
02232
02288
02307
02363
02382
02438
02457
02513
02532
02588
02607
02663
02682
02738
02757
02813
02832
02888
02907
02963
02982
03038
03057
03113
03132
03188
03207
03263
03282
03338
03357
03413
03432
03488
03507
03563
03582
03638
03657
03713
03732
03788
03807
03863
03882
03938
03957
04013
04032
04088
04107
04163
04182
04238
04257
04313
04332
04388
04407
04463
04482
04538
04557
04613
04632
04688
04707
04763
04782
04838
04857
04913
04932
04988
05007
05063
05082
05138
05157
05213
05232
05288
05307
05363
05382
05438
05457
05513
05532
05588
05607
05663
05682
05738
05757
05813
05832
05888
05907
05963
05982
06038
06057
06113
06132
06188
06207
06263
06282
06338
06357
06413
06432
06488
06507
06563
06582
06638
06657
06713
06732
06788
06807
06863
06882
06938
06957
07013
07032
07088
07107
07163
07182
07238
07257
07313
07332
07388
07407
07463
07482
07538
07557
07613
07632
07688
07707
07763
07782
07838
07857
07913
07932
07988
08007
08063
08082
08138
08157
08213
08232
08288
08307
08363
08382
08438
08457
08513
08532
08588
08607
08663
08682
08738
08757
08813
08832
08888
08907
08963
08982
09038
09057
09113
09132
09188
09207
09263
09282
09338
09357
09413
09432
09488
09507
09563
09582
09638
09657
09713
09732
09788
09807
09863
09882
09938
09957
10013
10032
10088
10107
10163
10182
10238
10257
10313
10332
10388
10407
10463
10482
10538
10557
10613
10632
10688
10707
10763
10782
10838
10857
10913
10932
10988
11007
11063
11082
11138
11157
11213
11232
11288
11307
11363
11382
11438
11457
11513
11532
11588
11607
11663
11682
11738
11757
11813
11832
11888
11907
11963
11982
12038
12057
12113
12132
12188
12207
12263
12282
12338
12357
12413
12432
12488
12507
12563
12582
12638
12657
12713
12732
12788
12807
12863
12882
12938
12957
13013
13032
13088
13107
13163
13182
13238
13257
13313
13332
13388
13407
13463
13482
13538
13557
13613
13632
13688
13707
13763
13782
13838
13857
13913
13932
13988
14007
14063
14082
14138
14157
14213
14232
14288
14307
14363
14382
14438
14457
14513
14532
14588
14607
14663
14682
14738
14757
14813
14832
14888
14907
14963
14982
15038
15057
15113
15132
15188
15207
15263
15282
15338
15357
15413
15432
15488
15507
15563
15582
15638
15657
15713
15732
15788
15807
15863
15882
15938
15957
16013
16032
16088
16107
16163
16182
16238
16257
16313
16332
16388
16407
16463
16482
16538
16557
16613
16632
16688
16707
16763
16782
16838
16857
16913
16932
16988
17007
17063
17082
17138
17157
17213
17232
17288
17307
17363
17382
17438
17457
17513
17532
17588
17607
17663
17682
17738
17757
17813
17832
17888
17907
17963
17982
18038
18057
18113
18132
18188
18207
18263
18282
18338
18357
18413
18432
18488
18507
18563
18582
18638
18657
18713
18732
18788
18807
18863
18882
18938
18957
19013
19032
19088
19107
19163
19182
19238
19257
19313
19332
19388
19407
19463
19482
19538
19557
19613
19632
19688
19707
19763
19782
19838
19857
19913
19932
19988
20007
20063
20082
20138
20157
20213
20232
20288
20307
20363
20382
20438
20457
20513
20532
20588
20607
20663
20682
20738
20757
20813
20832
20888
20907
20963
20982
21038
21057
21113
21132
21188
21207
21263
21282
21338
21357
21413
21432
21488
21507
21563
21582
21638
21657
21713
21732
21788
21807
21863
21882
21938
21957
22013
22032
22088
22107
22163
22182
22238
22257
22313
22332
22388
22407
22463
22482
22538
22557
22613
22632
22688
22707
22763
22782
22838
22857
22913
22932
22988
23007
23063
23082
23138
23157
23213
23232
23288
23307
23363
23382
23438
23457
23513
23532
23588
23607
23663
23682
23738
23757
23813
23832
23888
23907
23963
23982
24038
24057
24113
24132
24188
24207
24263
24282
24338
24357
24413
24432
24488
24507
24563
24582
24638
24657
24713
24732
24788
24807
24863
24882
24938
24957
25013
25032
25088
25107
25163
25182
25238
25257
25313
25332
25388
25407
25463
25482
25538
25557
25613
25632
25688
25707
25763
25782
25838
25857
25913
25932
25988
26007
26063
26082
26138
26157
26213
26232
26288
26307
26363
26382
26438
26457
26513
26532
26588
26607
26663
26682
26738
26757
26813
26832
26888
26907
26963
26982
27038
27057
27113
27132
27188
27207
27263
27282
27338
27357
27413
27432
27488
27507
27563
27582
27638
27657
27713
27732
27788
27807
27863
27882
27938
27957
28013
28032
28088
28107
28163
28182
28238
28257
28313
28332
28388
28407
28463
28482
28538
28557
28613
28632
28688
28707
28763
28782
28838
28857
28913
28932
28988
29007
29063
29082
29138
29157
29213
29232
29288
29307
29363
29382
29438
29457
29513
29532
29588
29607
29663
29682
29738
29757
29813
29832
29888
29907
29963
29982
30038
30057
30113
30132
30188
30207
30263
30282
30338
30357
30413
30432
30488
30507
30563
30582
30638
30657
30713
30732
30788
30807
30863
30882
30938
30957
31013
31032
31088
31107
31163
31182
31238
31257
31313
31332
31388
31407
31463
31482
31538
31557
31613
31632
31688
31707
31763
31782
31838
31857
31913
31932
31988
32007
32063
32082
32138
32157
32213
32232
32288
32307
32363
32382
32438
32457
32513
32532
32588
32607
32663
32682
32738
32757
32813
32832
32888
32907
32963
32982
33038
33057
33113
33132
33188
33207
33263
33282
33338
33357
33413
33432
33488
33507
33563
33582
33638
33657
33713
33732
33788
33807
33863
33882
33938
33957
34013
34032
34088
34107
34163
34182
34238
34257
34313
34332
34388
34407
34463
34482
34538
34557
34613
34632
34688
34707
34763
34782
34838
34857
34913
34932
34988
35007
35063
35082
35138
35157
35213
35232
35288
35307
35363
35382
35438
35457
35513
35532
35588
35607
35663
35682
35738
35757
35813
35832
35888
35907
35963
35982
36038
36057
36113
36132
36188
36207
36263
36282
36338
36357
36413
36432
36488
36507
36563
36582
36638
36657
36713
36732
36788
36807
36863
36882
36938
36957
37013
37032
37088
37107
37163
37182
37238
37257
37313
37332
37388
37407
37463
37482
37538
37557
37613
37632
37688
37707
37763
37782
37838
37857
37913
37932
37988
38007
38063
38082
38138
38157
38213
38232
38288
38307
38363
38382
38438
38457
38513
38532
38588
38607
38663
38682
38738
38757
38813
38832
38888
38907
38963
38982
39038
39057
39113
39132
39188
39207
39263
39282
39338
39357
39413
39432
39488
39507
39563
39582
39638
39657
39713
39732
39788
39807
39863
39882
39938
39957
40013
40032
40088
40107
40163
40182
40238
40257
40313
40332
40388
40407
40463
40482
40538
40557
40613
40632
40688
40707
40763
40782
40838
40857
40913
40932
40988
41007
41063
41082
41138
41157
41213
41232
41288
41307
41363
41382
41438
41457
41513
41532
41588
41607
41663
41682
41738
41757
41813
41832
41888
41907
41963
41982
42038
42057
42113
42132
42188
42207
42263
42282
42338
42357
42413
42432
42488
42507
42563
42582
42638
42657
42713
42732
42788
42807
42863
42882
42938
42957
43013
43032
43088
43107
43163
43182
43238
43257
43313
43332
43388
43407
43463
43482
43538
43557
43613
43632
43688
43707
43763
43782
43838
43857
43913
43932
43988
44007
44063
44082
44138
44157
44213
44232
44288
44307
44363
44382
44438
44457
44513
44532
44588
44607
44663
44682
44738
44757
44813
44832
44888
44907
44963
44982
45038
45057
45113
45132
45188
45207
45263
45282
45338
45357
45413
45432
45488
45507
45563
45582
45638
45657
45713
45732
45788
45807
45863
45882
45938
45957
46013
46032
46088
46107
46163
46182
46238
46257
46313
46332
46388
46407
46463
46482
46538
46557
46613
46632
46688
46707
46763
46782
46838
46857
46913
46932
46988
47007
47063
47082
47138
47157
47213
47232
47288
47307
47363
47382
47438
47457
47513
47532
47588
47607
47663
47682
47738
47757
47813
47832
47888
47907
47963
47982
48038
48057
48113
48132
48188
48207
48263
48282
48338
48357
48413
48432
48488
48507
48563
48582
48638
48657
48713
48732
48788
48807
48863
48882
48938
48957
49013
49032
49088
49107
49163
49182
49238
49257
49313
49332
49388
49407
49463
49482
49538
49557
49613
49632
49688
49707
49763
49782
49838
49857
49913
49932
49988
50007
50063
50082
50138
50157
50213
50232
50288
50307
50363
50382
50438
50457
50513
50532
50588
50607
50663
50682
50738
50757
50813
50832
50888
50907
50963
50982
51038
51057
51113
51132
51188
51207
51263
51282
51338
51357
51413
51432
51488
51507
51563
51582
51638
51657
51713
51732
51788
51807
51863
51882
51938
51957
52013
52032
52088
52107
52163
52182
52238
52257
52313
52332
52388
52407
52463
52482
52538
52557
52613
52632
52688
52707
52763
52782
52838
52857
52913
52932
52988
53007
53063
53082
53138
53157
53213
53232
53288
53307
53363
53382
53438
53457
53513
53532
53588
53607
53663
53682
53738
53757
53813
53832
53888
53907
53963
53982
54038
54057
54113
54132
54188
54207
54263
54282
54338
54357
54413
54432
54488
54507
54563
54582
54638
54657
54713
54732
54788
54807
54863
54882
54938
54957
55013
55032
55088
55107
55163
55182
55238
55257
55313
55332
55388
55407
55463
55482
55538
55557
55613
55632
55688
55707
55763
55782
55838
55857
55913
55932
55988
56007
56063
56082
56138
56157
56213
56232
56288
56307
56363
56382
56438
56457
56513
56532
56588
56607
56663
56682
56738
56757
56813
56832
56888
56907
56963
56982
57038
57057
57113
57132
57188
57207
57263
57282
57338
57357
57413
57432
57488
57507
57563
57582
57638
57657
57713
57732
57788
57807
57863
57882
57938
57957
58013
58032
58088
58107
58163
58182
58238
58257
58313
58332
58388
58407
58463
58482
58538
58557
58613
58632
58688
58707
58763
58782
58838
58857
58913
58932
58988
59007
59063
59082
59138
59157
59213
59232
59288
59307
59363
59382
59438
59457
59513
59532
59588
59607
59663
59682
59738
59757
59813
59832
59888
59907
59963
59982
60038
60057
60113
60132
60188
60207
60263
60282
60338
60357
60413
60432
60488
60507
60563
60582
60638
60657
60713
60732
60788
60807
60863
60882
60938
60957
61013
61032
61088
61107
61163
61182
61238
61257
61313
61332
61388
61407
61463
61482
61538
61557
61613
61632
61688
61707
61763
61782
61838
61857
61913
61932
61988
62007
62063
62082
62138
62157
62213
62232
62288
62307
62363
62382
62438
62457
62513
62532
62588
62607
62663
62682
62738
62757
62813
62832
62888
62907
62963
62982
63038
63057
63113
63132
63188
63207
63263
63282
63338
63357
63413
63432
63488
63507
63563
63582
63638
63657
63713
63732
63788
63807
63863
63882
63938
63957
64013
64032
64088
64107
64163
64182
64238
64257
64313
64332
64388
64407
64463
64482
64538
64557
64613
64632
64688
64707
64763
64782
64838
64857
64913
64932
64988
65007
65063
65082
65138
65157
65213
65232
65288
65307
65363
65382
65438
65457
65513
65532
65588
65607
65663
65682
65738
65757
65813
65832
65888
65907
65963
65982
66038
66057
66113
66132
66188
66207
66263
66282
66338
66357
66413
66432
66488
66507
66563
66582
66638
66657
66713
66732
66788
66807
66863
66882
66938
66957
67013
67032
67088
67107
67163
67182
67238
67257
67313
67332
67388
67407
67463
67482
67538
67557
67613
67632
67688
67707
67763
67782
67838
67857
67913
67932
67988
68007
68063
68082
68138
68157
68213
68232
68288
68307
68363
68382
68438
68457
68513
68532
68588
68607
68663
68682
68738
68757
68813
68832
68888
68907
68963
68982
69038
69057
69113
69132
69188
69207
69263
69282
69338
69357
69413
69432
69488
69507
69563
69582
69638
69657
69713
69732
69788
69807
69863
69882
69938
69957
70013
70032
70088
70107
70163
70182
70238
70257
70313
70332
70388
70407
70463
70482
70538
70557
70613
70632
70688
70707
70763
70782
70838
70857
70913
70932
70988
71007
71063
71082
71138
71157
71213
71232
71288
71307
71363
71382
71438
71457
71513
71532
71588
71607
71663
71682
71738
71757
71813
71832
71888
71907
71963
71982
72038
72057
72113
72132
72188
72207
72263
72282
72338
72357
72413
72432
72488
72507
72563
72582
72638
72657
72713
72732
72788
72807
72863
72882
72938
72957
73013
73032
73088
73107
73163
73182
73238
73257
73313
73332
73388
73407
73463
73482
73538
73557
73613
73632
73688
73707
73763
73782
73838
73857
73913
73932
73988
74007
74063
74082
74138
74157
74213
74232
74288
74307
74363
74382
74438
74457
74513
74532
74588
74607
74663
74682
74738
74757
74813
74832
74888
74907
74963
74982
75038
75057
75113
75132
75188
75207
75263
75282
75338
75357
75413
75432
75488
75507
75563
75582
75638
75657
75713
75732
75788
75807
75863
75882
75938
75957
76013
76032
76088
76107
76163
76182
76238
76257
76313
76332
76388
76407
76463
76482
76538
76557
76613
76632
76688
76707
76763
76782
76838
76857
76913
76932
76988
77007
77063
77082
77138
77157
77213
77232
77288
77307
77363
77382
77438
77457
77513
77532
77588
77607
77663
77682
77738
77757
77813
77832
77888
77907
77963
77982
78038
78057
78113
78132
78188
78207
78263
78282
78338
78357
78413
78432
78488
78507
78563
78582
78638
78657
78713
78732
78788
78807
78863
78882
78938
78957
79013
79032
79088
79107
79163
79182
79238
79257
79313
79332
79388
79407
79463
79482
79538
79557
79613
79632
79688
79707
79763
79782
79838
79857
79913
79932
79988
80007
80063
80082
80138
80157
80213
80232
80288
80307
80363
80382
80438
80457
80513
80532
80588
80607
80663
80682
80738
80757
80813
80832
80888
80907
80963
80982
81038
81057
81113
81132
81188
81207
81263
81282
81338
81357
81413
81432
81488
81507
81563
81582
81638
81657
81713
81732
81788
81807
81863
81882
81938
81957
82013
82032
82088
82107
82163
82182
82238
82257
82313
82332
82388
82407
82463
82482
82538
82557
82613
82632
82688
82707
82763
82782
82838
82857
82913
82932
82988
83007
83063
83082
83138
83157
83213
83232
83288
83307
83363
83382
83438
83457
83513
83532
83588
83607
83663
83682
83738
83757
83813
83832
83888
83907
83963
83982
84038
84057
84113
84132
84188
84207
84263
84282
84338
84357
84413
84432
84488
84507
84563
84582
84638
84657
84713
84732
84788
84807
84863
84882
84938
84957
85013
85032
85088
85107
85163
85182
85238
85257
85313
85332
85388
85407
85463
85482
85538
85557
85613
85632
85688
85707
85763
85782
85838
85857
85913
85932
85988
86007
86063
86082
86138
86157
86213
86232
86288
86307
86363
86382
86438
86457
86513
86532
86588
86607
86663
86682
86738
86757
86813
86832
86888
86907
86963
86982
87038
87057
87113
87132
87188
87207
87263
87282
87338
87357
87413
87432
87488
87507
87563
87582
87638
87657
87713
87732
87788
87807
87863
87882
87938
87957
88013
88032
88088
88107
88163
88182
88238
88257
88313
88332
88388
88407
88463
88482
88538
88557
88613
88632
88688
88707
88763
88782
88838
88857
88913
88932
88988
89007
89063
89082
89138
89157
89213
89232
89288
89307
89363
89382
89438
89457
89513
89532
89588
89607
89663
89682
89738
89757
89813
89832
89888
89907
89963
89982
90038
90057
90113
90132
90188
90207
90263
90282
90338
90357
90413
90432
90488
90507
90563
90582
90638
90657
90713
90732
90788
90807
90863
90882
90938
90957
91013
91032
91088
91107
91163
91182
91238
91257
91313
91332
91388
91407
91463
91482
91538
91557
91613
91632
91688
91707
91763
91782
91838
91857
91913
91932
91988
92007
92063
92082
92138
92157
92213
92232
92288
92307
92363
92382
92438
92457
92513
92532
92588
92607
92663
92682
92738
92757
92813
92832
92888
92907
92963
92982
93038
93057
93113
93132
93188
93207
93263
93282
93338
93357
93413
93432
93488
93507
93563
93582
93638
93657
93713
93732
93788
93807
93863
93882
93938
93957
94013
94032
94088
94107
94163
94182
94238
94257
94313
94332
94388
94407
94463
94482
94538
94557
94613
94632
94688
94707
94763
94782
94838
94857
94913
94932
94988
95007
95063
95082
95138
95157
95213
95232
95288
95307
95363
95382
95438
95457
95513
95532
95588
95607
95663
95682
95738
95757
95813
95832
95888
95907
95963
95982
96038
96057
96113
96132
96188
96207
96263
96282
96338
96357
96413
96432
96488
96507
96563
96582
96638
96657
96713
96732
96788
96807
96863
96882
96938
96957
97013
97032
97088
97107
97163
97182
97238
97257
97313
97332
97388
97407
97463
97482
97538
97557
97613
97632
97688
97707
97763
97782
97838
97857
97913
97932
97988
98007
98063
98082
98138
98157
98213
98232
98288
98307
98363
98382
98438
98457
98513
98532
98588
98607
98663
98682
98738
98757
98813
98832
98888
98907
98963
98982
99038
99057
99113
99132
99188
99207
99263
99282
99338
99357
99413
99432
99488
99507
99563
99582
99638
99657
99713
99732
99788
99807
99863
99882
99938
99957
